{
    "length": 29.981012658227847,
    "str_em": 30.260196905766527,
    "str_hit": 8.860759493670885,
    "rougeLsum": 35.619115968489425,
    "QA-EM": 18.10126582278481,
    "QA-F1": 23.672486792856567,
    "QA-Hit": 3.1645569620253164,
    "mauve": 75.56498211299727,
    "citation_rec": 50.070323488045,
    "citation_prec": 63.92405063291139
}