{
    "length": 27.279535864978904,
    "str_em": 31.408227848101266,
    "str_hit": 7.9113924050632916,
    "rougeLsum": 36.06880789890954,
    "QA-EM": 19.706399437412095,
    "QA-F1": 25.842179229584357,
    "QA-Hit": 2.2151898734177213,
    "mauve": 70.85666361761274,
    "citation_rec": 57.77275467148883,
    "citation_prec": 68.88185654008439
}