{
    "length": 36.983122362869196,
    "str_em": 16.36603375527426,
    "str_hit": 4.324894514767933,
    "rougeLsum": 33.072941585787916,
    "QA-EM": 8.470464135021096,
    "QA-F1": 13.157969260119298,
    "QA-Hit": 1.4767932489451476,
    "mauve": 42.91983704605487,
    "citation_rec": 0.0,
    "citation_prec": 0.0
}